used_aphia_id
103987
118011
118047
162725
162726
162727
162728
248137
409590
478557
572006
572035
572036
577666
577680
577818
578388
578389
578431
608739
609110
609286
670627
704932
1304621
802
824
17666
134524
134528
134529
134534
134545
134546
134559
134563
134564
134566
160513
160543
160550
160551
160588
160590
160591
160592
160594
160595
160602
162934
163100
163101
163108
163110
163125
163479
163490
163975
164060
164061
164063
164070
164075
164076
164095
178583
178609
178610
178611
178613
178619
178625
178936
178941
178944
178956
178962
248103
248126
248127
248128
248134
248135
248141
248144
248145
248146
248166
248169
248170
248171
248175
249711
249712
249713
254440
254441
341343
367250
375678
390665
409685
494102
555806
558727
558759
572005
572053
572054
572071
572080
575733
575737
576237
576240
576698
576706
576717
577672
577724
577758
577840
577869
577877
577885
577930
578217
578226
578246
578342
578346
578433
592874
600817
608429
608478
608578
608602
608635
608641
608647
610917
610934
612498
612499
612500
612501
612502
612503
612504
612508
612511
612513
612514
613622
616367
616372
616377
616378
616522
616612
617246
618663
618770
618773
621192
621601
621602
622807
623185
624375
624469
624695
625389
625472
626622
647499
661077
672032
672034
675366
839085
839163
840472
840479
846302
1289276
1304622
1304623
1304624
1304625
1304626
1304627
1304628
1335215
1359367
1372754
1379956
1380951
105506
105513
105535
105541
105559
105561
105562
105571
105574
105636
580116
146230
148905
148907
148908
148909
148912
148913
148914
148917
148919
148922
148925
148931
148933
148934
148936
148944
148945
148948
148954
148959
148960
148961
148985
148989
148990
148992
148996
149000
149004
149008
149011
149014
149018
149019
149023
149028
149033
149035
149038
149039
149042
149043
149044
149045
149046
149050
149055
149069
149070
149071
149073
149075
149079
149080
149083
149084
149085
149093
149095
149096
149100
149102
149105
149106
149112
149113
149115
149116
149119
149120
149121
149122
149123
149124
149125
149126
149127
149128
149129
149131
149132
149135
149139
149142
149145
149150
149151
149152
149153
149158
149159
149164
149168
149171
149177
149181
149186
149187
149191
149195
149200
149203
149204
149208
149219
149221
149222
149228
149230
149241
149259
149260
149271
149274
149286
149289
149291
149294
149297
149308
149310
149320
149322
149334
149338
149342
149343
149346
149360
149361
149376
149377
149402
149444
149452
149456
149459
149472
149489
149492
149493
149494
149509
149524
149538
149549
149562
149596
149604
149611
149619
149623
149629
149631
149647
149648
149653
156548
156558
156607
156609
156611
156613
156617
156621
156623
156632
156636
156689
156690
157053
157061
157062
157080
157083
157237
157240
157242
157246
157248
157252
157254
157256
157258
157430
157433
157440
157455
157463
160519
160520
160521
160522
160523
160524
160528
160537
160552
160553
160584
160585
160599
160600
160648
160650
162740
162741
162766
162770
162823
162837
162864
162865
162867
162869
162877
162903
163013
163016
163019
163026
163048
163049
163055
163063
163089
163098
163118
163131
163137
163150
163344
163390
163403
163427
163433
163435
163474
163491
163494
163499
163522
163624
163647
163655
163682
163765
163816
163850
163873
163880
163940
163982
163990
172371
172385
172402
172411
172418
172522
172614
172725
172799
172848
175319
175320
175321
175326
175334
175373
175374
175400
175421
175438
175573
175584
175794
175930
175932
176063
176078
176158
176193
176209
177949
178207
178594
178595
178990
179360
179786
180325
180338
180410
180420
180665
196815
233761
246605
248064
248097
248110
248129
248149
248172
249721
249722
249725
251745
291417
341285
341473
345491
345513
345524
345531
375674
376667
388485
409645
418547
418624
447739
447740
450729
464444
467133
467134
495357
531445
531446
531467
547454
547544
549205
555052
555264
555950
555951
558243
571655
572032
572033
577553
578550
609727
609902
609939
610261
610267
610275
610314
610316
621696
621740
622459
623754
624065
661256
661267
668408
839991
839996
841057
1296550
1296717
1304629
1310442

101264
232069
17639
17640
20997
106281
106282
106283
106285
106287
106289
106292
106295
106297
106303
106305
106306
106310
106314
106316
146167
146168
155554
155555
238840
248112
248151
370563
451665
572014
610202
146541
146542
146543
146545
146546
146551
146552
146554
146557
146558
146560
146561
146562
146563
146564
146565
146566
146567
146569
146570
146572
146573
146575
146576
146577
146578
146585
146590
146603
146614
146617
146618
146619
146644
146645
146647
146677
146690
146714
146715
156692
157084
160566
160567
160568
160569
160572
162668
162672
162673
162675
162683
162694
162699
162704
162714
177100
177103
177108
177112
177113
177121
177122
177125
177126
177128
177136
177138
177140
177155
177158
177245
177252
177400
177426
177428
177431
177434
177447
177464
177465
177473
177480
177484
177489
177490
177492
177506
177507
177508
177572
177574
177576
177583
177588
177590
177592
177595
177635
177649
177659
178477
239061
248100
345457
409629
409630
576250
577876
578448
578476
592876
609460
612428
614743
615642
621617
622903
623803
624955
624957
624960
624961
625363
625368
625371
625374
625385
625403
625407
625408
625409
625411
625438
657648
659901
660753
660933
699619
707720
836574
840966
1313613
1315861
1345052
19542
109392
109394
109462
109468
109470
109473
109474
109475
109476
109477
109479
109506
109510
109519
109528
109538
109540
109549
109553
109566
109603
109604
109616
109637
109638
109662
109705
109711
109712
109713
109714
109717
109718
109723
109726
109733
109741
109745
109754
109766
109773
109800
109819
109837
109849
109851
109854
109856
109859
109876
109885
109889
109890
109901
109902
109903
109920
109921
109923
109925
109992
109993
110001
110007
110015
110035
110039
110041
110045
110149
110152
110153
110154
110155
110156
110183
110205
110208
110209
110210
110212
110213
110214
110215
110216
110217
110219
110223
110228
110229
110238
110244
110245
110247
110248
110249
110257
110259
110260
110293
110295
110301
110303
110316
110321
110325
156505
156511
162749
163862
163934
231788
232110
232376
232516
232546
232598
232703
232716
232778
232869
232880
233024
233037
233195
233369
233592
233619
233754
233857
233870
248118
249714
345481
391508
391509
494057
495363
547469
547527
614618
614620
615516
623339
623645
624607
626297
663583
688227
837453
837459
838487
840626
840627
841259
841260
846758
1304620
1305343
1321853
1371463
1380043
8012
17657
21000
110652
163246
163247
163339
163353
163354
163356
163375
163404
163408
163412
178582
239029
248120
248121
249707
447754
624247
624255
624289
1578807
115061
115088
115090
115104
115106
115126
115129
160538
160563
235802
235825
249731
615467
670030
699623
837255
17651
118028
118075
119077
249691
389491
601744
620842
627117
648201
567048
146222
118051
105501
183556
148899
427290
105557
105558
841182
841190
11
375958
179596
235759
146537
341300
341301
417328
109612
110133
155560
110139
231803
233835
156598
183543
183557
172431
707830
417184
240437
149061
101206
625430
573482
101209
136903
341692
110291
115057
376081
417228
118073
178825
101185
101195
101335
247913
247943
183533
247915
247944
163780
163782
163913
163804
699394
143943
120566
179320
609031
846509
611310
248147
178946
699560
596169
376689
376690
345830
376691
376082
547730
345882
625463
341609
341610
376693
376688
376084
345881
105546
254723
235758
417153
235910
115093
235913
493821
235922
235942
235944
115099
115116
115122
115128
160564
115083
369190
109719
837075
232457
232501
231873
109710
233447
836815
841193
109518
109767
232792
232940
231789
109907
109899
110077
109515
233620
110097
233868
110199
110241
110300
110314
149140
172436
149292
149288
149624
839985
149238
178185
163112
163161
464322
578570
231888
172836
157072
157428
162923
841633
149099
625490
555293
707927
146232
248096
233776
233780
246590
160581
